Motif	WholeGenome	5UTR	3UTR	CDS	introns	exons
AAAAA	19557862	42893	272258	52312	14357060	636604
AAAAC	6261687	17088	92852	36276	4440375	254343
AAAAG	7540170	22032	107652	50433	5363696	316560
AAAAT	11791913	23244	166086	46249	8557713	417074
AAACA	7183325	18669	103629	42103	4999879	292589
AAACC	3585255	13390	52578	29721	2576427	168358
AAACG	836202	5393	11881	10718	470593	47860
AAACT	5469410	15103	73772	35875	3680992	220514
AAAGA	7617330	21873	98614	57931	5456579	320871
AAAGC	3713262	16270	59201	40926	2685267	204170
AAAGG	4649948	19279	69490	41513	3260705	231204
AAAGT	5274684	14938	78456	35840	3816913	226698
AAATA	9893860	17418	134839	30936	7055225	326784
AAATC	4328112	12381	61133	32899	3101336	189304
AAATG	7024716	17257	103062	43010	5109624	295432
AAATT	8135026	16006	111876	35576	5887208	291632
AACAA	5684184	14683	78376	37651	4095498	235573
AACAC	3348207	11186	47192	28542	2249864	155374
AACAG	4094805	15726	61388	44903	2927004	214197
AACAT	4929435	10562	68585	34903	3502881	204292
AACCA	3371552	12017	49675	35815	2426989	172887
AACCC	2525215	13526	36976	23824	1848202	131756
AACCG	329360	5209	5938	9993	232839	34061
AACCT	3263512	12351	44560	29348	2284468	153156
AACGA	476748	3575	7537	10777	326433	35716
AACGC	326233	5174	5809	9354	226625	33309
AACGG	539941	5028	6912	10745	267412	36715
AACGT	606311	3645	10164	10289	423854	40879
AACTA	3277732	7020	40450	14858	2217956	110117
AACTC	3263910	12432	41720	30379	2226867	151914
AACTG	3489266	14107	54182	40466	2485038	190060
AACTT	4166855	12348	60179	34923	2873405	187637
AAGAA	7666596	23532	101165	76548	5466944	360646
AAGAC	3285700	13076	46238	37698	2378683	173760
AAGAG	4523095	20667	63153	55313	3267764	249037
AAGAT	4196614	12653	57683	45835	3021963	207411
AAGCA	4429255	16562	64963	46034	3096862	228723
AAGCC	2627870	17439	42924	43221	1910611	180765
AAGCG	559661	8203	8538	15290	370561	50796
AAGCT	3240480	14347	49449	43578	2335446	189915
AAGGA	4896707	21201	68222	57078	3446790	261691
AAGGC	2739854	17142	45354	43795	2002039	183964
AAGGG	3026037	18975	49657	33818	2195541	179279
AAGGT	2854066	11572	43693	32640	2066869	156200
AAGTA	3607762	9024	53105	24584	2654296	150371
AAGTC	2761153	11396	39906	32820	1937313	148765
AAGTG	4246013	15618	58163	36426	2956182	198105
AAGTT	3981016	12418	60287	34417	2877898	187034
AATAA	7868347	13981	106800	25410	5670586	269304
AATAC	3527898	7733	50368	18957	2571189	134013
AATAG	3579706	7651	44957	16839	2579579	125849
AATAT	6770929	10632	86657	27282	4735289	222047
AATCA	4304517	11115	56885	29638	3057558	178913
AATCC	3147789	12263	41464	27574	2295594	147552
AATCG	455085	3179	6411	7560	317697	28902
AATCT	4167816	11289	53725	30351	2870038	172770
AATGA	5231554	13080	70263	40163	3794674	226006
AATGC	3102090	9542	44771	28776	2222010	149280
AATGG	3990685	11717	51694	36062	2769366	179692
AATGT	4907228	10905	73956	34532	3532940	210865
AATTA	5904712	11057	77473	18306	4314132	194170
AATTC	4066797	11305	55475	32185	2889850	176774
AATTG	3693026	8462	47941	23624	2613047	147402
AATTT	8174781	15928	112293	35967	5898646	292658
ACAAA	6886394	17208	96367	40071	4942471	273169
ACAAC	2425341	8762	34655	28730	1749724	127282
ACAAG	3055602	11810	45739	39188	2210339	170359
ACAAT	3781352	8718	51377	25852	2693566	156290
ACACA	5523228	18460	78640	37898	3973855	242565
ACACC	2406955	12787	35925	34279	1748556	143233
ACACG	645409	5975	11826	15569	464529	54158
ACACT	3288927	11532	46423	30608	2209429	156147
ACAGA	5647462	19663	72895	49913	3719204	257095
ACAGC	2859139	19266	48811	58668	2053462	214681
ACAGG	3895585	20095	60491	46046	2880234	222917
ACAGT	3418974	12273	54633	37541	2483195	180804
ACATA	4180015	7366	53023	19430	2981752	143635
ACATC	2558437	9170	37754	41333	1816168	154597
ACATG	3920598	9832	53526	34228	2845433	180544
ACATT	5034203	10887	73613	34284	3534428	210075
ACCAA	3117036	10866	45856	35457	2243110	161084
ACCAC	2937470	13333	41643	44769	2140498	170620
ACCAG	2944124	16934	47234	59054	2142310	206919
ACCAT	3348965	9168	43027	35192	2428627	157708
ACCCA	3244206	16251	47106	35924	2370472	176905
ACCCC	2152823	20004	39108	33925	1593284	152552
ACCCG	550193	11162	9410	15460	406181	55854
ACCCT	2486717	14954	40041	30781	1817092	149322
ACCGA	318455	5087	5815	12515	226907	36202
ACCGC	413997	10566	7111	17101	290981	52224
ACCGG	299077	8399	5935	15501	211196	45150
ACCGT	449711	4326	7761	11788	323955	38844
ACCTA	2137008	6432	27512	12849	1541570	84575
ACCTC	3207483	18063	44821	41457	2325837	181549
ACCTG	3319062	18671	51173	53679	2417914	211158
ACCTT	2968764	11711	43730	32875	2070305	156457
ACGAA	472857	3648	7835	11716	333521	38081
ACGAC	252299	3546	4670	12002	176791	30612
ACGAG	490708	5391	8192	17468	353900	47549
ACGAT	430671	2444	6571	10788	301771	32166
ACGCA	447157	5860	8251	11352	323852	41955
ACGCC	689908	10303	10719	17466	511454	59392
ACGCG	107592	7049	2348	7712	76479	24781
ACGCT	422367	5966	7744	14368	298056	44905
ACGGA	541209	6524	8927	14645	365307	48674
ACGGC	354001	8850	7589	20643	251919	54517
ACGGG	688277	8642	10351	16862	401271	55806
ACGGT	468836	4425	7598	11883	323202	38771
ACGTA	488104	2135	7230	6789	350166	27171
ACGTC	387998	4772	6911	14014	267689	40771
ACGTG	761434	6408	13414	18742	543595	63471
ACGTT	613729	3692	10252	10024	424550	40410
ACTAA	3107901	7192	41148	11832	2239863	109188
ACTAC	1930345	6391	25622	19063	1383952	86844
ACTAG	1877731	5962	24923	9721	1298261	72888
ACTAT	2800347	5654	35605	15842	2029533	100880
ACTCA	3436931	12696	44820	29953	2371324	160923
ACTCC	3053659	18024	42115	37745	2215732	173627
ACTCG	461402	6255	7376	14172	326057	42734
ACTCT	3566064	13505	45666	32351	2420534	165255
ACTGA	3402702	13762	52427	37179	2490796	184252
ACTGC	3183140	17301	47416	44899	2294326	188102
ACTGG	2880729	16093	46035	50419	2083643	191771
ACTGT	3396205	12287	55068	36981	2487265	180752
ACTTA	2976470	7275	41682	13202	2180223	111346
ACTTC	3171198	14266	43974	45103	2192685	181847
ACTTG	3072610	12052	46490	34162	2229845	163566
ACTTT	5324938	15266	78061	36432	3823164	227974
AGAAA	9535337	27884	123831	68875	6631320	399853
AGAAC	3190978	13281	46108	40695	2287965	176548
AGAAG	5179182	25364	71082	86174	3574234	322369
AGAAT	5556564	14423	70544	40229	3858930	226572
AGACA	4663340	16915	60485	43141	3205203	219914
AGACC	2494358	15242	37044	35377	1819480	154109
AGACG	707346	8408	11200	16826	508005	59856
AGACT	3259435	13576	45629	31267	2366015	163601
AGAGA	6146378	26915	78500	55926	4433057	299221
AGAGC	3118628	21983	46438	50801	2117610	204211
AGAGG	3992703	28930	62502	57603	2915455	262832
AGAGT	3555815	13592	46067	31931	2422738	165457
AGATA	3712496	8508	45081	23213	2652723	139618
AGATC	2522645	10786	32700	34907	1838912	138739
AGATG	4052565	15286	58060	57762	2934713	236464
AGATT	4105765	11397	53831	30877	2880549	174117
AGCAA	4160144	15742	58639	44203	3008592	213496
AGCAC	2764915	15278	43576	45364	2022658	177765
AGCAG	4137226	28759	65798	93492	2784562	312146
AGCAT	3465032	10267	47429	38566	2384940	172755
AGCCA	4237717	22886	62995	64023	3102068	262496
AGCCC	2464454	29309	47039	56679	1809884	215326
AGCCG	702752	19043	12083	29114	501626	88736
AGCCT	4297220	25295	63458	50607	3191522	246937
AGCGA	595581	9127	9157	16629	431105	55484
AGCGC	434896	16325	7404	24646	248694	68631
AGCGG	461466	17581	9016	27864	309152	77484
AGCGT	421707	6048	7947	14084	299146	44804
AGCTA	2895990	9598	38241	18489	2125703	119479
AGCTC	2751689	21149	42868	56995	1996981	204862
AGCTG	4132336	28838	67055	88602	3009007	311629
AGCTT	3289370	14400	49780	43721	2341745	191457
AGGAA	5809899	27250	82782	65123	4114057	315336
AGGAC	2267074	16796	37959	45609	1639581	169871
AGGAG	4917183	37369	73487	85145	3608773	335896
AGGAT	3321790	13249	44765	41378	2363768	178233
AGGCA	4599251	23263	67248	48757	3404479	250723
AGGCC	2884198	25750	49502	60086	2010465	223964
AGGCG	1014881	19684	15529	26149	759028	94128
AGGCT	4289067	25064	62767	50265	3189610	246209
AGGGA	3886022	26749	61511	41053	2838608	228868
AGGGC	2297247	24732	44895	51787	1685654	198113
AGGGG	2610812	28609	50791	42172	1927129	199913
AGGGT	2467697	14859	40170	30882	1822220	149301
AGGTA	2509136	8117	34739	21209	1821623	112369
AGGTC	2201272	13529	33300	36598	1600080	144176
AGGTG	3630675	20081	54303	52621	2646656	221224
AGGTT	3193033	12182	44921	28909	2288052	153443
AGTAA	3493774	8907	49754	20346	2535479	139770
AGTAC	1632964	5608	25425	21435	1212301	87119
AGTAG	2969844	9733	38650	22202	2181084	124906
AGTAT	2965527	6540	42793	20172	2138069	118703
AGTCA	3087746	12440	44984	34113	2220969	166698
AGTCC	2128173	15205	34101	35637	1547497	145736
AGTCG	279866	5450	5381	12270	200937	35129
AGTCT	3295330	13636	45707	31669	2373386	164838
AGTGA	4279463	16662	58200	39312	3148756	208141
AGTGC	2727470	14540	41241	34578	2013139	155867
AGTGG	3646713	17949	50342	46040	2506252	200808
AGTGT	3091873	11408	47501	30386	2217377	157431
AGTTA	2914325	7885	42870	15118	2138588	117339
AGTTC	2945307	12408	41554	37841	2123085	160201
AGTTG	2769530	10984	39424	31747	1882508	144133
AGTTT	5354912	15008	74202	36069	3700556	222254
ATAAA	8348767	14352	113901	28182	5896081	285002
ATAAC	2530977	5753	34205	14598	1827170	98122
ATAAG	3074708	7248	40056	18663	2242212	119905
ATAAT	5579263	9111	69260	21341	4028747	181242
ATACA	4482188	8686	62140	22513	3229164	163600
ATACC	1944599	5133	25059	14948	1406853	79679
ATACG	409062	1692	5952	5432	295255	22383
ATACT	2918617	6504	42733	20218	2138174	118399
ATAGA	3660465	7058	41990	19869	2491413	125036
ATAGC	2069342	5550	26468	16610	1478596	87068
ATAGG	2149096	5983	27966	14640	1559967	87632
ATAGT	2816057	5585	35441	15896	2039770	101320
ATATA	6780852	8370	80329	16069	4816655	180835
ATATC	3012082	5638	33046	20247	2000575	106079
ATATG	3941966	6667	48439	21313	2813730	139322
ATATT	6795241	10468	86456	27494	4741617	221967
ATCAA	3575609	8514	45889	36128	2525230	160710
ATCAC	3085549	10110	40407	31589	2236846	149191
ATCAG	2990538	11238	43488	41504	2168475	170491
ATCAT	3848447	8523	47702	39210	2735550	171799
ATCCA	3218017	11900	42814	47155	2306216	179608
ATCCC	2700651	14257	37925	29389	1980948	144031
ATCCG	355809	4898	5697	13561	255767	37857
ATCCT	3260796	13326	44613	41437	2363784	178124
ATCGA	369731	2322	5111	11986	248120	29627
ATCGC	459590	4486	6216	10411	332608	34921
ATCGG	252332	3379	4583	10350	179059	28659
ATCGT	424715	2526	6415	10721	304519	31923
ATCTA	2917310	6134	35179	16943	2067895	104926
ATCTC	3716948	13428	45373	38445	2685736	178358
ATCTG	3644943	13735	50790	46562	2517184	198067
ATCTT	4408738	12466	57584	46530	3036186	209057
ATGAA	5259951	12852	72849	52671	3785197	247806
ATGAC	2394377	7572	34367	33951	1737134	134759
ATGAG	3625527	11785	47039	42608	2641370	184572
ATGAT	3855602	8482	47968	39356	2734110	171233
ATGCA	3520214	10135	49831	33897	2514945	170251
ATGCC	2705037	10511	38623	36131	1985652	149739
ATGCG	354759	3876	5921	11102	254556	33383
ATGCT	3301926	10339	47270	38902	2380866	173149
ATGGA	3991674	12238	51413	50153	2737945	205113
ATGGC	2635988	10969	37728	45978	1903425	167059
ATGGG	2962203	12363	43481	36257	2161176	162425
ATGGT	3391520	9122	43608	34592	2430817	157027
ATGTA	3904731	7355	55152	23413	2810494	150050
ATGTC	2692568	8116	37203	34615	1918190	142222
ATGTG	4267366	11360	57696	38450	2953648	194124
ATGTT	4926997	10822	68757	35077	3514371	205484
ATTAA	5265830	10023	74582	19142	3848659	186401
ATTAC	3152908	7593	41976	16105	2313552	118508
ATTAG	3182492	7087	39965	12114	2337908	109810
ATTAT	5567009	9267	69226	21187	4037630	181805
ATTCA	4844080	11654	62804	36289	3323314	200342
ATTCC	3324438	12334	44183	32501	2285211	162096
ATTCG	403047	2920	5462	8797	255759	28220
ATTCT	5639843	14486	70488	40334	3866871	228502
ATTGA	3459506	7671	41801	28773	2397292	141968
ATTGC	2697510	7949	35045	24329	1918624	122528
ATTGG	2470630	8268	32908	26266	1739887	120815
ATTGT	3800668	8227	51515	25627	2712946	156529
ATTTA	6732690	12225	95807	21214	4903594	231213
ATTTC	5755108	15235	76690	40960	3998715	240980
ATTTG	5493145	12768	72731	34848	3728906	218353
ATTTT	11799151	23423	166653	46789	8597997	420709
CAAAA	7746058	19529	107739	45630	5584822	304020
CAAAC	3400985	12498	48381	31814	2420437	163451
CAAAG	4780070	18715	69096	55915	3439669	252276
CAAAT	5202051	12785	72538	35160	3709697	216702
CAACA	3921958	13174	53424	44608	2836818	196799
CAACC	2155452	11295	30515	28829	1569954	124319
CAACG	382646	4391	6496	13666	268896	38610
CAACT	2789591	10921	38534	32121	1869718	143698
CAAGA	3981750	15826	56516	51069	2880829	222174
CAAGC	2427282	13917	36465	37470	1744994	153425
CAAGG	3069789	17082	47903	47425	2232124	198650
CAAGT	3252414	11885	46994	34682	2225618	164214
CAATA	3375167	6778	43913	20124	2403097	129146
CAATC	2168513	7892	27762	21337	1529434	104027
CAATG	3100594	9031	41124	39703	2184255	159011
CAATT	3668147	8574	47850	23863	2604732	147448
CACAA	3681383	12683	52929	36169	2630011	182477
CACAC	4212259	19049	62253	39287	3074012	209754
CACAG	4530766	24583	70968	71484	3120165	291361
CACAT	4131569	11359	56351	38597	2947415	193472
CACCA	4066904	18405	57603	70890	2957434	252027
CACCC	2739622	23113	47495	42059	2019451	189003
CACCG	643572	11989	11348	24504	460371	73885
CACCT	3617845	20504	54615	53184	2645214	223045
CACGA	550998	4905	9258	16385	399910	49551
CACGC	834473	10897	13751	19845	621255	70477
CACGG	648300	10105	13078	27332	464819	78051
CACGT	771894	6367	13425	18793	546394	63207
CACTA	2139870	6769	29711	16493	1562444	94517
CACTC	3140842	16289	40600	34501	2110641	163591
CACTG	4389448	21420	67970	63179	3229574	263784
CACTT	4063511	15734	58145	36278	2952303	198331
CAGAA	5891626	22919	80145	69681	3883424	308206
CAGAC	2588020	16550	40930	41091	1846389	171838
CAGAG	5212450	31963	75376	72291	3581889	317831
CAGAT	3522657	13490	50514	46456	2517708	197399
CAGCA	4455295	26866	70439	101748	3166490	332068
CAGCC	4438160	41050	72881	86770	3274728	331732
CAGCG	581288	18896	12478	39117	403396	102159
CAGCT	4151284	28876	67279	89326	3004275	312881
CAGGA	4926831	31557	75881	82674	3595963	331565
CAGGC	4307831	33607	67952	68775	3188134	287919
CAGGG	3519881	32374	66614	70653	2597546	283011
CAGGT	3388559	18466	51233	53297	2417624	210741
CAGTA	2697189	8861	41162	28793	1950026	133815
CAGTC	2326297	15237	38039	37881	1689964	158532
CAGTG	4409107	21441	67959	63334	3236675	264829
CAGTT	3590037	14065	54622	40918	2499064	191372
CATAA	3532525	7009	46102	20407	2506761	134670
CATAC	2015071	5059	28786	18141	1464976	89624
CATAG	2499133	6293	31077	24228	1729915	109533
CATAT	3975548	6577	47720	21439	2812990	138761
CATCA	3480974	11346	47740	62942	2472690	213560
CATCC	2593043	14150	39732	53056	1879902	184281
CATCG	383237	3944	6804	20428	264263	47813
CATCT	4064186	15293	57727	59530	2933870	238693
CATGA	3569062	9618	47817	40119	2580012	180865
CATGC	2867858	10121	40051	33034	2103792	152073
CATGG	3479396	12529	49218	50666	2521481	207985
CATGT	3942712	10017	53479	34883	2852659	181391
CATTA	3411958	7244	47469	20840	2491061	136249
CATTC	4030473	11694	48720	36685	2541500	177322
CATTG	3128576	9098	41313	39789	2196299	159868
CATTT	7117518	17424	103568	43175	5123974	297254
CCAAA	4770526	17446	69790	46734	3441887	234856
CCAAC	2302110	12417	34364	33775	1679263	138737
CCAAG	3324506	19703	53873	56162	2433766	225437
CCAAT	2442405	8187	32487	26260	1729523	120166
CCACA	3738907	18963	58224	62693	2711356	241065
CCACC	3757070	28415	60822	67902	2770000	260865
CCACG	784971	11383	15223	31334	572474	90651
CCACT	3439230	18179	50595	46559	2494221	201403
CCAGA	3642968	24150	58740	66778	2622008	261004
CCAGC	4594803	38732	73272	96809	3391174	341960
CCAGG	4939090	40730	83634	98535	3655324	373015
CCAGT	2880864	16147	45928	50871	2083978	191879
CCATA	2383740	5929	30749	21777	1694678	105802
CCATC	3076758	14382	43764	53431	2236875	195672
CCATG	3476444	12698	49140	50856	2518298	208653
CCATT	3939951	11896	51387	36676	2775080	180857
CCCAA	3472927	18205	53302	38635	2556162	191501
CCCAC	3076924	24935	54046	49385	2261640	215398
CCCAG	5583675	45041	91249	88096	4130922	379477
CCCAT	3001416	12445	43200	36338	2154016	162237
CCCCA	3582290	31381	68226	62478	2648613	265274
CCCCC	1973438	31165	43181	45250	1471835	180407
CCCCG	770053	32750	16758	36210	566735	121566
CCCCT	2611403	28476	51102	43274	1927075	201911
CCCGA	535733	12783	10023	21588	392325	66099
CCCGC	714805	36925	14447	34055	523844	120107
CCCGG	979177	36490	17876	40303	721170	135608
CCCGT	548879	8710	10388	16736	399921	55457
CCCTA	1796657	9195	26739	14468	1318279	88677
CCCTC	2931717	34121	54351	47667	2152962	226048
CCCTG	3522862	32177	66846	70379	2595858	283189
CCCTT	3065489	19130	49821	34794	2199537	181016
CCGAA	363563	6519	6463	14336	258266	42882
CCGAC	272840	8322	5717	15968	195248	43270
CCGAG	872004	19052	14651	31401	640834	96354
CCGAT	250984	3455	4585	10421	179416	28798
CCGCA	482048	13768	9308	27159	339532	73613
CCGCC	937059	46483	16841	43920	681887	147057
CCGCG	240753	29123	4556	21219	166638	73332
CCGCT	449739	17333	9085	27755	309189	77153
CCGGA	387749	15738	7966	24203	272915	70946
CCGGC	664799	31812	12818	36123	478908	112387
CCGGG	977417	36272	17840	40348	721222	135298
CCGGT	297263	8358	6054	15383	211615	44880
CCGTA	280661	2943	4611	7890	201559	24360
CCGTC	556216	10111	9897	18064	408269	58572
CCGTG	641308	10198	13014	27084	467523	77756
CCGTT	387384	5022	6861	10546	268191	36279
CCTAA	2439829	8263	34046	11804	1785639	100255
CCTAC	1649219	8319	23641	20679	1197188	89957
CCTAG	2055918	10947	28948	11865	1508239	95377
CCTAT	2213025	5981	27452	14757	1553041	86899
CCTCA	4217663	23770	62149	58686	3077739	254137
CCTCC	4873507	49790	77647	83431	3620353	352528
CCTCG	734808	17020	13418	29845	537725	90214
CCTCT	4045882	29253	63762	58709	2918034	266189
CCTGA	3770271	21489	56600	53484	2755957	231223
CCTGC	3417808	33803	60719	78209	2502678	286298
CCTGG	4948370	40549	83806	98035	3660002	373159
CCTGT	3920463	19905	60518	46569	2888395	223754
CCTTA	2292564	8249	34094	17024	1692215	106603
CCTTC	3591952	24781	54834	63483	2528705	247484
CCTTG	3118055	17086	48285	48081	2240932	200311
CCTTT	4764699	19675	69224	41936	3277585	232450
CGAAA	505819	4657	7735	10542	349402	37431
CGAAC	320713	4317	4977	9240	233596	29470
CGAAG	415703	7680	7563	21064	292117	55559
CGAAT	389319	2936	5558	8829	253956	28329
CGACA	393964	4638	6481	14535	279325	39042
CGACC	258480	7700	4987	13630	186101	39185
CGACG	79256	5402	1835	10587	51985	23804
CGACT	285658	5459	5323	12602	200084	35384
CGAGA	833479	9443	11622	19918	609825	65033
CGAGC	346659	13683	6645	21318	242069	58547
CGAGG	733653	16761	13464	29782	534366	89526
CGAGT	456882	6343	7449	14139	327680	42961
CGATA	263360	1463	3639	5585	186321	17422
CGATC	409198	3999	5511	9976	294820	31362
CGATG	395792	4059	6830	20526	263160	47580
CGATT	464332	3301	6545	7544	319527	29232
CGCAA	337975	4692	5368	10259	242395	32330
CGCAC	419723	10152	7866	16418	306335	51019
CGCAG	559968	19225	11286	32586	391180	93242
CGCAT	358598	3869	5812	11376	254101	33423
CGCCA	697666	13562	11385	27546	509614	78803
CGCCC	819944	34114	14900	29991	601256	112641
CGCCG	206353	32941	4220	29274	133867	82935
CGCCT	1022895	19757	15864	26216	757888	94563
CGCGA	117876	8153	1887	7129	83964	24821
CGCGC	272034	28511	4384	18715	193934	68099
CGCGG	240041	29002	4527	21018	166250	73197
CGCGT	108522	7157	2388	7750	76799	25082
CGCTA	237915	3504	3836	6116	172900	21395
CGCTC	481608	17712	8561	23082	340570	71015
CGCTG	571335	18908	12228	39051	402682	102279
CGCTT	599612	8196	8504	15204	371422	50596
CGGAA	452117	9223	7797	18505	293111	55048
CGGAC	262055	9328	5368	15436	178785	44365
CGGAG	696209	22139	12374	29447	501055	95666
CGGAT	362042	5150	5849	13665	255776	37974
CGGCA	442600	12029	9276	25969	314206	69135
CGGCC	732725	31662	14363	41887	528893	121292
CGGCG	205649	33073	4176	29463	133609	83467
CGGCT	690252	19175	11879	28767	502439	88380
CGGGA	875279	19834	13142	25838	547327	89346
CGGGC	710740	30591	13359	35511	517405	110090
CGGGG	774308	33219	16925	35695	568072	121934
CGGGT	571889	11432	9245	15238	405754	55829
CGGTA	243774	2936	4001	7905	171020	22661
CGGTC	263961	8134	5498	14703	188413	42245
CGGTG	650261	12255	11144	24316	460574	73521
CGGTT	333371	5272	5843	9920	233923	33941
CGTAA	365834	2223	5803	5277	264768	22314
CGTAC	206601	2023	3600	7089	149072	18996
CGTAG	306383	3314	4736	10933	215051	28898
CGTAT	445983	1694	6018	5381	297163	22565
CGTCA	389736	5190	7064	15782	277949	44222
CGTCC	378854	11467	8242	21702	267613	61118
CGTCG	79732	5521	1880	10495	52942	24026
CGTCT	702476	8168	11269	16709	508700	59858
CGTGA	805517	6663	11800	15132	584108	56992
CGTGC	561702	8748	10374	20466	413487	59975
CGTGG	799699	11583	15294	31182	573416	90715
CGTGT	645026	5985	11886	15792	469227	54597
CGTTA	329342	2374	5392	3935	241673	20388
CGTTC	427621	5299	6801	12601	264088	39444
CGTTG	531095	4452	6653	13293	271136	38270
CGTTT	696302	5411	11739	10691	472642	47739
CTAAA	4116381	10384	57821	18682	3012524	154447
CTAAC	1774316	5856	23941	9283	1270579	71866
CTAAG	2265064	8577	32846	13505	1673619	101975
CTAAT	3180057	7028	40229	12287	2339180	110463
CTACA	2819481	9302	38241	30161	2029124	135048
CTACC	1711940	8706	24788	23093	1252749	94404
CTACG	315207	3458	4762	10915	213417	28979
CTACT	2960339	9908	38340	23118	2174103	126085
CTAGA	2735672	9033	33957	15160	1844626	106452
CTAGC	1515973	8057	20762	11348	1109989	72680
CTAGG	2049957	10919	29135	11746	1511402	95391
CTAGT	1786456	5983	25097	9958	1301348	73799
CTATA	2689398	5098	33826	12488	1945193	91062
CTATC	1831911	5238	21902	15062	1308769	75525
CTATG	2441953	6267	30823	23982	1726595	108355
CTATT	3597962	7713	44780	16800	2583040	126355
CTCAA	4012714	13825	52524	36748	2891267	185313
CTCAC	3681037	18966	48220	36182	2605006	190217
CTCAG	5021785	29890	71540	64022	3491446	294553
CTCAT	3649833	11794	47565	43295	2640907	186460
CTCCA	4284061	27910	64234	88276	3097827	310813
CTCCC	4332691	44007	69949	56813	3213880	290021
CTCCG	693010	22175	12141	29438	501917	95481
CTCCT	4938176	36843	72950	86634	3615608	337502
CTCGA	532180	5768	7990	16313	379581	46025
CTCGC	468052	15730	8387	20900	338878	66612
CTCGG	874567	19375	14663	31216	642814	96743
CTCGT	493584	5495	8182	17351	354678	47935
CTCTA	2999333	10773	39235	22000	2196498	129325
CTCTC	3927780	28783	55647	50139	2833833	240738
CTCTG	4992503	31790	75340	73434	3586752	319879
CTCTT	4753216	21079	63610	55518	3274742	251311
CTGAA	4367241	18798	67175	61390	3149188	258558
CTGAC	2561991	15069	39506	38620	1881456	163062
CTGAG	4792773	29962	70729	64607	3487871	294341
CTGAT	3001821	11240	43236	41244	2170271	170568
CTGCA	4646652	27082	67336	86112	3226683	310163
CTGCC	3902211	36143	68213	77437	2886135	302138
CTGCG	565866	19536	11357	32622	390908	93779
CTGCT	3897158	29505	65669	93537	2782707	313328
CTGGA	4260618	28472	65993	94161	3033384	322696
CTGGC	3348488	30141	57932	76672	2471899	269743
CTGGG	5556952	45362	90851	88077	4139246	380534
CTGGT	2940459	17032	47406	59041	2151435	207298
CTGTA	3722805	12295	54239	33064	2729275	175860
CTGTC	3239646	19216	50647	47984	2384815	204081
CTGTG	4364360	24502	71469	70951	3133940	293093
CTGTT	4078677	15891	61256	44580	2947977	215434
CTTAA	3404512	9531	52806	16548	2525647	140932
CTTAC	1985251	6803	28460	15161	1479122	89791
CTTAG	2280413	8532	32921	13767	1678771	102201
CTTAT	3103478	7193	40008	18886	2246249	120275
CTTCA	4219025	18344	61187	77201	2913075	275185
CTTCC	4220794	31046	64146	72489	2975459	291857
CTTCG	527715	7718	7585	21515	293238	55970
CTTCT	5089193	25389	70487	86776	3580668	323596
CTTGA	3618609	13896	50034	42278	2634400	190191
CTTGC	2509736	14200	37433	38399	1818296	159480
CTTGG	3354078	19966	53561	55715	2448056	225668
CTTGT	3117164	11883	46298	39084	2221041	171977
CTTTA	4264058	11556	63748	27413	3083450	181610
CTTTC	4894441	21599	65715	48846	3355946	245421
CTTTG	5179281	18638	68917	55668	3457323	253279
CTTTT	7775277	22334	107409	50500	5396926	318225
GAAAA	8014687	23822	112495	58716	5687850	346054
GAAAC	4208532	15183	52479	35120	2570839	184226
GAAAG	4689096	21073	65700	48093	3348162	242863
GAAAT	5674835	15039	76500	40274	3994411	238583
GAACA	3378537	12080	47824	40957	2371595	180414
GAACC	2025431	12518	29182	29083	1403852	123046
GAACG	396893	5432	6627	12967	263961	40013
GAACT	2972382	12348	41273	37429	2117125	159213
GAAGA	4523097	22857	62979	87764	3183320	304041
GAAGC	2779753	19884	41860	57257	1848803	205870
GAAGG	3492125	24591	55241	62141	2527904	245618
GAAGT	3105597	14504	44532	44616	2200124	182350
GAATA	3641663	7978	46457	22295	2579565	139410
GAATC	2585556	10026	32287	27079	1707574	125049
GAATG	3675101	11828	48920	36496	2534303	176890
GAATT	4112821	11202	55439	32188	2897966	176537
GACAA	2790375	10366	38923	34420	1999475	148716
GACAC	2096829	12105	31969	32758	1499753	134719
GACAG	3482473	19480	50531	48999	2379107	204279
GACAT	2734614	8025	37551	34219	1917985	141976
GACCA	2338824	12526	35489	41205	1700234	152927
GACCC	1582043	18414	28850	34548	1159237	135192
GACCG	269934	8172	5372	14850	188464	42286
GACCT	2240959	13720	33067	36379	1603113	144019
GACGA	325192	4705	5708	16674	226382	40357
GACGC	289701	10730	5985	16088	203080	49096
GACGG	570902	10420	9761	18321	408856	58835
GACGT	387802	4731	7002	13753	266913	40526
GACTA	1733135	5896	23009	12702	1271404	74617
GACTC	1974648	14159	29481	30212	1436153	130234
GACTG	2330459	14968	37847	37161	1689623	157318
GACTT	2692997	11427	39341	32933	1938187	148586
GAGAA	5356564	23542	71053	64937	3827279	285827
GAGAC	3330598	19242	44808	35660	2446033	179537
GAGAG	3934131	28697	55500	50311	2838752	240543
GAGAT	3764549	13546	45732	38168	2691390	178611
GAGCA	3033451	18502	44065	53423	2026045	198538
GAGCC	2732722	30096	44240	53157	2017994	211141
GAGCG	532049	18465	8688	23079	340817	72319
GAGCT	2758802	21228	43023	56430	2001262	204825
GAGGA	3778938	31772	57305	79762	2700336	285896
GAGGC	4090245	35421	59271	59533	2965296	264655
GAGGG	2920962	34498	54146	47240	2153328	225037
GAGGT	3167983	17500	44535	40738	2322006	179188
GAGTA	2135708	7524	28220	18692	1559192	96334
GAGTC	1975347	14119	29336	30502	1440691	130447
GAGTG	2933315	16647	41166	34229	2121775	164626
GAGTT	3304648	12483	42028	30399	2236805	152572
GATAA	2984198	7199	37340	20803	2145424	118394
GATAC	1575916	4873	21954	15484	1134584	73679
GATAG	1926953	5288	22070	14946	1314284	75762
GATAT	3026597	5689	33164	20588	2001433	106492
GATCA	2577861	9213	33287	31440	1884586	133712
GATCC	1703747	11556	24033	31948	1234788	116043
GATCG	402627	4082	5479	10023	295213	31174
GATCT	2538269	10760	32662	34796	1844667	139014
GATGA	3086205	11265	41392	60106	2178022	195922
GATGC	1838290	10216	29017	40563	1316571	137016
GATGG	3114103	14241	43957	52852	2242644	195025
GATGT	2758925	9332	37905	41025	1823605	154132
GATTA	3008786	7698	37435	14222	2209623	110361
GATTC	2439261	10268	32378	27222	1712459	126141
GATTG	2206435	7836	27970	21368	1538703	104903
GATTT	4533399	12553	61321	33207	3119198	191312
GCAAA	3860387	14321	55603	37839	2768745	191928
GCAAC	1991497	10654	28511	27011	1458053	115927
GCAAG	2681723	14183	37572	38393	1812759	159390
GCAAT	2682265	7885	34764	24017	1910567	121726
GCACA	2933548	15082	46291	42000	2139828	178987
GCACC	1910059	17141	31703	44397	1394951	152554
GCACG	572455	8538	10449	20433	413096	59668
GCACT	2735349	14362	41240	34848	2007281	155549
GCAGA	3665855	23487	54937	61991	2581928	246709
GCAGC	2679278	36724	49532	99883	1885827	290189
GCAGG	3468765	33818	60823	77108	2502002	285133
GCAGT	3285717	17181	47447	45181	2304422	188784
GCATA	2061854	5061	27227	16109	1494882	87815
GCATC	1826584	10022	29071	40357	1317923	136250
GCATG	2868502	10152	40173	33231	2108472	152090
GCATT	3415203	9552	45261	28923	2232032	150619
GCCAA	2805164	14139	41324	42416	2034565	168831
GCCAC	2873938	21855	46540	57429	2129668	208327
GCCAG	3349723	30253	57815	77244	2469444	270556
GCCAT	2629548	11121	37884	46489	1903884	168177
GCCCA	3053721	25713	52080	60495	2255856	227889
GCCCC	1972918	41628	44515	60931	1453128	221551
GCCCG	706960	30810	13475	35233	516843	110135
GCCCT	2299556	24776	44865	52055	1685067	197732
GCCGA	592496	12622	9450	21507	434028	64677
GCCGC	469270	42596	9823	47195	312370	129850
GCCGG	661256	31591	12966	36265	479534	112284
GCCGT	354217	8769	7618	20637	253507	54455
GCCTA	1716362	7771	22707	13685	1206388	79483
GCCTC	4005733	36002	60399	60575	2975258	267275
GCCTG	4294732	33708	68029	68468	3186480	287421
GCCTT	2825013	17149	45358	44543	2013363	185293
GCGAA	300627	5927	4922	10057	215972	33322
GCGAC	271947	8653	4678	13012	198199	38687
GCGAG	471273	16166	8380	20864	340098	67149
GCGAT	478016	4584	6171	10339	333688	34810
GCGCA	401835	13094	7182	20284	288200	58702
GCGCC	664944	31493	11061	32503	479413	104123
GCGCG	272499	28368	4376	18503	194093	68081
GCGCT	425938	16242	7327	24617	249837	68442
GCGGA	519949	16767	8443	21612	369089	68945
GCGGC	456841	42582	9811	47243	312065	129748
GCGGG	731773	37267	14481	33826	524188	119967
GCGGT	408334	10680	6917	16891	291272	51946
GCGTA	218902	2314	3548	5705	159845	18128
GCGTC	284853	10612	6104	15929	203765	49361
GCGTG	837727	11174	13789	19801	624129	70705
GCGTT	364179	5299	6020	9229	228042	33460
GCTAA	2408916	7502	32235	13115	1779525	97491
GCTAC	1676137	8340	23602	21426	1244050	90622
GCTAG	1564967	8048	20929	11297	1111327	72717
GCTAT	2040636	5452	26797	16537	1480437	87313
GCTCA	3316802	18823	47329	46493	2453955	198253
GCTCC	2165095	33164	38959	67436	1561060	224439
GCTCG	338782	13529	6662	21260	241949	58279
GCTCT	2923089	21908	46066	51138	2117226	204136
GCTGA	3465717	21378	51122	61802	2519678	233092
GCTGC	2629371	36946	49292	99303	1888695	289347
GCTGG	4610263	39409	73430	96979	3404477	344626
GCTGT	2834938	19169	48584	57274	2061631	214164
GCTTA	1937610	6572	28141	13092	1435400	86956
GCTTC	2584041	19973	41478	57034	1851458	205370
GCTTG	2401459	13963	36182	37172	1749302	153010
GCTTT	3909652	16042	60172	40184	2701050	204752
GGAAA	5660380	24163	79364	51674	3819258	278129
GGAAC	2052315	14086	31390	35975	1459295	141719
GGAAG	4182150	31198	65131	71621	2982792	292174
GGAAT	3415028	12178	44469	32378	2283342	162040
GGACA	2614413	15962	41865	48787	1833931	181164
GGACC	1407801	17484	26073	40316	979002	135016
GGACG	385167	11594	8321	21742	268561	61308
GGACT	2151558	15408	33821	35075	1549992	145626
GGAGA	4215016	29853	61831	69626	3030744	279770
GGAGC	2257844	33727	39343	67205	1565078	225176
GGAGG	4882297	49812	77610	82153	3614412	350151
GGAGT	3064229	18120	42793	37433	2229126	173929
GGATA	2328354	6359	25706	18901	1500728	91528
GGATC	1707591	11398	24072	31899	1234132	115887
GGATG	2625446	14275	39672	53161	1885301	184615
GGATT	3299333	12304	41930	27438	2307964	148869
GGCAA	2760379	13518	40261	35861	2019938	158134
GGCAC	2166669	16535	36441	41579	1611715	156357
GGCAG	3912505	36710	68320	77156	2884347	302942
GGCAT	2710730	10350	38438	36271	1990516	149544
GGCCA	3134630	23535	53146	71263	2299026	241466
GGCCC	1832276	35311	41507	66259	1342116	215064
GGCCG	728150	31705	14386	41386	528558	120794
GGCCT	2899445	26132	49662	60593	2018877	225348
GGCGA	453033	12710	7584	18913	330929	58049
GGCGC	657888	31150	10969	32471	480216	103521
GGCGG	936078	46485	16801	44146	682340	146980
GGCGT	688082	10366	10698	17408	513587	59444
GGCTA	1922981	8383	25386	17057	1403953	89974
GGCTC	2720018	30089	43962	52543	2018205	210400
GGCTG	4429559	41347	72471	85637	3280205	331578
GGCTT	2636066	17090	42655	42614	1915270	178916
GGGAA	3747597	25389	59561	42895	2705900	224746
GGGAC	1924920	21979	34233	37656	1411981	154019
GGGAG	4329162	44131	70437	56142	3216819	289360
GGGAT	2830250	14312	37583	29270	1989089	143988
GGGCA	2909310	24146	50952	55292	2157283	213200
GGGCC	1836689	35706	41702	66806	1346386	216771
GGGCG	813938	33917	14801	29808	602160	111562
GGGCT	2477633	29479	46310	55777	1815642	214706
GGGGA	2850910	31624	52564	46232	2098919	214849
GGGGC	1978272	42424	44293	60054	1458908	221270
GGGGG	1973963	31838	43016	44008	1472080	179295
GGGGT	2156151	20036	39008	33513	1598423	152195
GGGTA	1597633	7209	22658	15262	1159584	78454
GGGTC	1583126	18564	28447	34509	1164072	135381
GGGTG	2736409	23390	47797	41603	2025394	189548
GGGTT	2535086	13404	37190	23977	1861628	132110
GGTAA	2060095	6910	29036	15423	1495408	91737
GGTAC	1192926	5318	17339	18398	867440	67679
GGTAG	1748260	8427	24881	22337	1255621	93962
GGTAT	1955856	5069	25157	14763	1409947	79354
GGTCA	2277254	12110	35042	37591	1667550	146385
GGTCC	1349952	17599	26048	40308	978352	135068
GGTCG	259836	7929	4903	13449	186903	39262
GGTCT	2488965	15217	36900	35318	1825635	154358
GGTGA	3037158	16388	42567	44189	2171080	181399
GGTGC	1910749	17620	31965	43955	1397653	152754
GGTGG	3791196	28056	60734	67129	2777627	258327
GGTGT	2405966	12653	36076	33635	1751577	143022
GGTTA	1687711	5883	24832	11422	1247242	76131
GGTTC	1932503	12218	28865	29247	1409837	122718
GGTTG	2173122	11328	30976	28179	1576998	123802
GGTTT	3629118	13316	52932	29547	2590692	169998
GTAAA	3639236	9139	54561	20532	2612740	147907
GTAAC	1596043	5708	24458	12772	1141816	76364
GTAAG	2000362	6662	28688	14879	1477509	90446
GTAAT	3154439	7518	42271	16211	2315115	118588
GTACA	2082543	6051	33612	24441	1511633	106731
GTACC	1189367	5449	17271	18507	866746	67837
GTACG	202169	2004	3688	6883	148299	18757
GTACT	1657408	5611	25650	21856	1215557	87833
GTAGA	2679407	8197	33235	24152	1852063	114908
GTAGC	1693126	8175	24191	21480	1250375	91589
GTAGG	1630680	8067	23586	20190	1201595	89722
GTAGT	1957162	6224	26008	18566	1389438	86328
GTATA	2684475	4314	34947	11278	1907643	87812
GTATC	1603836	4890	21646	15782	1134899	73894
GTATG	2017441	5053	29023	17755	1466195	89665
GTATT	3587993	7868	50416	18753	2588101	134436
GTCAA	2166173	7651	30456	26681	1550721	114013
GTCAC	2041119	12132	32725	31830	1467479	134530
GTCAG	2562999	15067	39967	38544	1885688	163214
GTCAT	2398368	7517	34604	33852	1744565	135484
GTCCA	1966031	12294	32517	47925	1401967	155739
GTCCC	1926201	21871	34414	37523	1408460	153919
GTCCG	253392	9501	5423	15094	179527	43941
GTCCT	2277525	16669	38036	46373	1643322	171011
GTCGA	211934	2998	3554	10304	148412	25209
GTCGC	272609	8749	4765	12884	198523	38927
GTCGG	271611	8445	5739	15738	195892	43454
GTCGT	249796	3581	4695	11913	178136	30490
GTCTA	1710780	5409	22521	12724	1228098	73545
GTCTC	3321227	18722	44460	35976	2452061	179656
GTCTG	2610307	16355	41025	41387	1857073	173364
GTCTT	3326512	13140	46242	37755	2391270	174430
GTGAA	3607741	13441	50888	40659	2560313	188169
GTGAC	1995518	12446	32484	31932	1468341	134620
GTGAG	3559541	18897	48339	36042	2613471	190943
GTGAT	3295963	10175	40543	32004	2247204	149668
GTGCA	2837679	13446	41853	38789	2020453	163086
GTGCC	2181642	16846	36829	41688	1614149	157360
GTGCG	454237	10414	7819	16163	307180	51086
GTGCT	2768212	15010	44047	44899	2033562	178569
GTGGA	3190053	16790	43380	57020	2028370	200327
GTGGC	2894971	22050	46859	57471	2133340	207727
GTGGG	3090491	25019	53825	48800	2271850	215016
GTGGT	2941538	12982	41896	43614	2149620	170034
GTGTA	2249161	6363	32256	18587	1580883	97889
GTGTC	2108641	11993	32259	32730	1507372	135700
GTGTG	4379587	19188	63614	38355	3080176	210977
GTGTT	3206871	11181	47703	28581	2263810	156874
GTTAA	2645252	7202	40780	13049	1949511	108462
GTTAC	1556328	5798	24267	12814	1146575	76712
GTTAG	1739032	6038	24207	9108	1276984	71669
GTTAT	2521146	5758	34754	14108	1838122	98076
GTTCA	3066418	10645	42136	35317	2181901	155491
GTTCC	2034601	13964	31731	36439	1461599	142355
GTTCG	336225	4299	4975	9413	235531	29659
GTTCT	3189409	13313	45934	40523	2296811	177059
GTTGA	2542769	8052	31772	29787	1668606	122662
GTTGC	1999308	10678	28589	26500	1463578	115815
GTTGG	2469564	12561	34894	33692	1693269	139419
GTTGT	2483587	8893	35251	28034	1767779	127373
GTTTA	3224923	8013	48535	15915	2310792	129563
GTTTC	3637728	15315	52216	35422	2582663	185956
GTTTG	3617368	12374	49280	31863	2433029	165157
GTTTT	6287224	16976	93545	36135	4481421	257431
TAAAA	9833017	19193	147302	28830	7089158	341906
TAAAC	3202992	8013	48133	16094	2297176	128676
TAAAG	4245886	11513	63373	27039	3070261	180059
TAAAT	6712909	12213	95757	21187	4891587	231654
TAACA	3572802	8241	50643	18361	2566967	139754
TAACC	1723502	6101	24861	11489	1242271	76523
TAACG	333490	2249	5401	4057	240872	20509
TAACT	2966375	7762	42919	15282	2135430	117463
TAAGA	3549835	9404	50116	18701	2614626	143676
TAAGC	1936968	6619	28361	12861	1434428	87458
TAAGG	2304801	8159	34272	16857	1690496	106695
TAAGT	2963252	7244	41482	13280	2183030	111417
TAATA	4836182	7817	63646	15028	3518748	155931
TAATC	2993026	7649	37317	14079	2202547	110181
TAATG	3431147	7175	47573	21009	2490810	135712
TAATT	5923321	10982	78007	18400	4325773	195350
TACAA	3992748	8759	58018	25919	2871121	161010
TACAC	2207224	6451	31423	18793	1574099	97582
TACAG	3713117	12485	54056	32788	2728208	175515
TACAT	3897634	7311	55458	23530	2809499	150169
TACCA	2570315	7334	35063	26559	1869899	118576
TACCC	1587058	7432	22357	15688	1160142	78852
TACCG	238374	3032	3972	7850	171368	22535
TACCT	2510004	8350	34970	21939	1822848	113643
TACGA	293593	1828	4777	8117	213257	22735
TACGC	216618	2381	3525	5654	158891	18199
TACGG	293179	2844	4713	7752	200615	24127
TACGT	485260	2254	7213	6742	348838	27213
TACTA	2565589	5479	34193	12308	1899800	90521
TACTC	2138657	7581	28182	19286	1559992	96984
TACTG	2653608	8938	40971	29053	1951798	134374
TACTT	3621852	9210	52550	24627	2662020	149745
TAGAA	4547264	10872	59323	24925	3174804	170792
TAGAC	1920158	5309	22379	12756	1228246	72840
TAGAG	3143848	10604	39490	21622	2200661	129204
TAGAT	2909647	6195	35717	16573	2075846	105320
TAGCA	2609218	8056	36006	20371	1911357	116732
TAGCC	1903388	8302	25535	17425	1401776	90278
TAGCG	240652	3506	3811	5925	173323	21297
TAGCT	2918820	9543	38165	18510	2132443	119836
TAGGA	2713468	10028	37606	17477	1983086	119558
TAGGC	1649468	7610	22477	13480	1208126	78899
TAGGG	1794901	9203	26980	14517	1327199	89299
TAGGT	2123507	6366	27805	12678	1549894	85060
TAGTA	2621448	5309	34185	11986	1903420	89826
TAGTC	1728321	5878	22948	12729	1274827	74572
TAGTG	2157085	6674	29997	16630	1570887	94856
TAGTT	3108376	7071	41127	14949	2230967	111848
TATAA	5148644	8205	67333	16867	3671417	162191
TATAC	2635581	4403	34790	11223	1907448	87614
TATAG	2689169	5079	33787	12418	1951309	91406
TATAT	6757065	8217	80728	15906	4822869	180942
TATCA	3136776	6640	39643	23948	2251272	125480
TATCC	2090694	6382	25821	18768	1496433	91521
TATCG	265420	1483	3639	5528	187133	17316
TATCT	3917664	8463	44853	23493	2658432	140017
TATGA	3248633	6612	42814	26172	2345089	133956
TATGC	2073701	4991	27819	15944	1493757	87594
TATGG	2397203	6088	31353	21721	1699860	106928
TATGT	4182800	7374	53457	19286	2987493	144618
TATTA	4842781	7876	63453	14812	3522934	155422
TATTC	3674969	7980	46421	21919	2587359	138899
TATTG	3400279	6605	44056	20178	2420690	129561
TATTT	9954389	17587	134760	31118	7087388	329276
TCAAA	5611858	14588	76304	43748	4001521	237183
TCAAC	2530698	8215	31445	30266	1659164	122459
TCAAG	3669404	13963	50759	41783	2628447	190499
TCAAT	3406394	7607	42020	28888	2387858	141598
TCACA	4360298	15134	59392	42708	2946583	214203
TCACC	2993858	16278	42590	44407	2168980	181829
TCACG	802833	6487	12010	15407	582280	57316
TCACT	4270170	16277	58141	38188	3144036	207016
TCAGA	4258578	17503	60421	50284	2906271	229352
TCAGC	3492820	21305	51502	61771	2518511	232711
TCAGG	3839663	21531	56758	53733	2761707	232040
TCAGT	3437075	14040	53758	36927	2504138	186482
TCATA	3396676	6553	42776	26483	2343326	134780
TCATC	3059661	11326	41437	60606	2179765	197692
TCATG	3593481	9630	47717	40420	2585743	181125
TCATT	5299170	13080	70838	39953	3811282	227945
TCCAA	3444420	14485	50193	46433	2450595	198020
TCCAC	2831844	16983	42685	58015	2020273	201394
TCCAG	4180206	28565	65351	93968	3028271	319900
TCCAT	3896964	12249	50955	50026	2738405	204759
TCCCA	5254720	27176	74462	53118	3827800	277979
TCCCC	2838002	31324	52505	46895	2096007	214860
TCCCG	751389	20114	13086	25845	547501	89744
TCCCT	3919047	26352	61721	40876	2837411	229502
TCCGA	312706	6798	6135	16320	220501	44025
TCCGC	511527	16649	8421	21512	370085	68806
TCCGG	387719	15693	7902	24013	272760	70458
TCCGT	512761	6489	8618	14276	368155	48198
TCCTA	2707962	10022	37184	17856	1977873	119505
TCCTC	3726924	31636	57456	80784	2699811	288121
TCCTG	4920260	31026	75582	83784	3606788	332753
TCCTT	4907999	21573	67544	57654	3456239	262973
TCGAA	494504	3494	6628	13414	321308	36325
TCGAC	220272	2779	3558	10424	147453	24979
TCGAG	536687	5943	7977	16229	379213	46264
TCGAT	373013	2353	5204	11966	248951	29693
TCGCA	345225	5173	5614	11685	242428	35520
TCGCC	454948	12493	7753	19041	329871	58379
TCGCG	117632	8303	1901	7135	83739	24978
TCGCT	592427	8784	8974	16512	430492	54622
TCGGA	323524	6777	6064	16259	221418	44019
TCGGC	595586	12745	9502	21905	436281	65507
TCGGG	534750	12973	10016	21125	391879	66028
TCGGT	316935	5130	5920	12464	227843	36518
TCGTA	337133	1826	4789	8112	214481	22865
TCGTC	321731	4868	5546	16506	227482	40349
TCGTG	571476	5087	9145	16638	404989	49843
TCGTT	619070	3476	7462	10472	328756	35320
TCTAA	3379164	8739	47508	16777	2480455	131185
TCTAC	2551271	8320	33295	25105	1847904	116728
TCTAG	2589443	9040	34149	15289	1849781	107277
TCTAT	3507218	7120	41472	19889	2495080	124890
TCTCA	5393973	18586	65640	42809	3725180	239262
TCTCC	4155673	29548	60593	70371	3031400	279730
TCTCG	833390	9278	11752	19799	610107	64881
TCTCT	6137794	27262	78338	55735	4435818	300837
TCTGA	4085135	17676	60484	51078	2906321	230510
TCTGC	3781570	23521	55092	62814	2585104	248967
TCTGG	3667155	24029	58770	66990	2629681	261670
TCTGT	5253882	19556	73305	49866	3740177	260044
TCTTA	3567010	9539	50309	19053	2620346	144856
TCTTC	4709548	22733	63117	88629	3188104	306253
TCTTG	4007464	16000	56309	51204	2900114	223286
TCTTT	8113773	22224	98258	58490	5489387	324422
TGAAA	6885621	18442	96418	50496	4801291	295995
TGAAC	3209234	10863	42425	34943	2175964	155590
TGAAG	4123548	18413	60861	76693	2912562	273582
TGAAT	4654135	11618	62497	36436	3323166	200895
TGACA	3432570	12351	50078	43675	2477853	188876
TGACC	2271123	12609	34626	37702	1666460	146416
TGACG	401828	5165	7082	15911	276680	44115
TGACT	3034586	12112	44877	33814	2219280	166155
TGAGA	5190977	18642	65047	42975	3729826	239172
TGAGC	3333889	18903	47590	46790	2461387	198821
TGAGG	4349479	23771	61643	57953	3076720	252407
TGAGT	3272096	12741	44443	30057	2378914	161321
TGATA	3209457	6652	40105	23802	2255951	125225
TGATC	2583077	9420	33187	31414	1891389	133890
TGATG	3723719	11258	47700	63223	2477666	213488
TGATT	4318455	11227	56803	29827	3071939	180005
TGCAA	3957375	13068	52230	36832	2678406	185015
TGCAC	2800105	13231	41836	38975	2016424	162944
TGCAG	4489915	27238	67376	85592	3229780	309388
TGCAT	3637781	10295	50079	34012	2523650	171530
TGCCA	3588361	17224	56010	60356	2626798	232501
TGCCC	2916481	24305	51428	55510	2157616	214075
TGCCG	439982	11813	9129	25947	315365	68828
TGCCT	4622281	23355	67447	49404	3413189	252009
TGCGA	355373	5302	5512	11503	241879	35467
TGCGC	400397	13235	7184	20068	288709	59109
TGCGG	479312	14200	9299	26725	338836	73089
TGCGT	487351	5823	8446	11336	326243	42245
TGCTA	2633774	7797	36132	20385	1912765	116840
TGCTC	2790456	18443	43643	53686	2018412	198871
TGCTG	4407061	27490	70649	102043	3182501	335201
TGCTT	4307716	16729	65056	45535	3108770	228385
TGGAA	5300257	19705	70237	64844	3431607	278567
TGGAC	2104889	12460	32491	47577	1401380	155388
TGGAG	4476832	28286	65276	88048	3113486	311814
TGGAT	3446640	11617	43155	47265	2319494	180877
TGGCA	3599119	17431	56050	60634	2630546	233386
TGGCC	3140888	23555	53101	70729	2302829	240568
TGGCG	700613	13591	11543	27627	512277	78795
TGGCT	4251671	22825	63473	62821	3109938	261075
TGGGA	5219724	27375	74555	52496	3838935	278184
TGGGC	3051310	25368	51265	60559	2259521	226894
TGGGG	3600211	31899	68115	62156	2661042	266268
TGGGT	3256517	16179	47662	35708	2384277	177967
TGGTA	2606594	7357	35061	26375	1876173	118968
TGGTC	2327649	12445	35688	40768	1705883	152888
TGGTG	4127729	18364	58089	70107	2965302	250801
TGGTT	3360966	11729	49655	35429	2441174	172762
TGTAA	4470376	10890	65442	23834	3211902	179100
TGTAC	2098996	6153	33876	24786	1513372	107409
TGTAG	2935885	9215	38743	29747	2037989	135063
TGTAT	4526376	8781	62032	22590	3243060	164346
TGTCA	3413922	12403	50712	42675	2479783	188689
TGTCC	2566170	15922	42001	48877	1839562	182115
TGTCG	386516	4751	6576	14540	279968	39461
TGTCT	4482056	16567	60393	43506	3220154	221346
TGTGA	4336628	15049	59709	42411	2956850	215002
TGTGC	3041849	14716	46974	41800	2148972	180093
TGTGG	3879447	19110	59561	61302	2721830	241399
TGTGT	5801395	18645	80368	37408	3992642	244959
TGTTA	3530383	8529	50937	18000	2582545	140236
TGTTC	3321222	12127	47591	41482	2378521	181465
TGTTG	4021479	13149	53430	44146	2861719	198046
TGTTT	7086912	18707	104724	42109	5043071	296647
TTAAA	7890418	17135	128462	26036	5826838	296120
TTAAC	2694828	7165	41159	13134	1947250	108651
TTAAG	3414722	9406	52576	16655	2530845	140381
TTAAT	5269914	10088	74675	19122	3854843	187211
TTACA	4426512	11000	64857	24024	3213015	178830
TTACC	2059844	6965	29226	15672	1497932	91989
TTACG	362211	2192	5808	5221	264631	22400
TTACT	3443341	9293	49112	20209	2545781	139445
TTAGA	3445375	8634	47637	16710	2491455	131387
TTAGC	2393637	7706	32069	13144	1779959	97337
TTAGG	2451607	8313	34118	11759	1795335	100243
TTAGT	3055553	7183	41647	11989	2249549	109700
TTATA	5075735	8138	67502	16575	3683553	162387
TTATC	2962726	7258	37340	20923	2149027	119264
TTATG	3500980	7116	47104	20530	2519678	136417
TTATT	7891222	13996	106957	25063	5705605	270264
TTCAA	5463859	14413	71712	44571	3709775	232402
TTCAC	3619455	13154	50778	40777	2560489	188402
TTCAG	4452810	18931	67445	61205	3161107	259783
TTCAT	5452336	12871	72850	53212	3799112	249515
TTCCA	4885321	20158	69654	65323	3431532	278233
TTCCC	3803608	25074	59476	43371	2705437	225078
TTCCG	422502	9107	7801	18372	294291	54696
TTCCT	5786649	27482	82147	65932	4117994	317341
TTCGA	510631	3483	6716	13451	320811	36423
TTCGC	309981	5823	4880	10293	216599	33219
TTCGG	372285	6486	6519	14702	259663	43601
TTCGT	681315	3665	7639	11782	338369	38129
TTCTA	4399671	10938	59562	25370	3180733	172623
TTCTC	5554878	23921	70931	64684	3830887	287154
TTCTG	5539977	22992	80488	69957	3900276	311115
TTCTT	7909334	23792	100576	77569	5495752	364072
TTGAA	5637601	14292	71302	43930	3718270	231890
TTGAC	2188225	7357	30252	27275	1555574	114289
TTGAG	4168599	14017	52540	36879	2904523	185901
TTGAT	3681320	8745	45992	36106	2545358	161772
TTGCA	3880629	13169	52512	36630	2686183	185421
TTGCC	2778217	13444	40355	36222	2027031	158818
TTGCG	347572	4777	5329	9900	243022	31906
TTGCT	4171707	15657	58446	44267	3025309	214263
TTGGA	3886272	14550	50338	46179	2466264	198197
TTGGC	2812843	14352	41651	42087	2046987	169929
TTGGG	3518119	18186	53371	38258	2571495	192027
TTGGT	3149423	10777	45540	35390	2256664	160895
TTGTA	4154936	8984	58497	25765	2885670	162110
TTGTC	2807807	10420	39606	34455	2009091	150189
TTGTG	4048005	12463	53792	35430	2652535	183587
TTGTT	5747451	14594	78963	37381	4139692	238441
TTTAA	7954283	17045	128717	26283	5835967	296567
TTTAC	3597421	9337	54230	20644	2621971	147984
TTTAG	4144238	10328	58265	18855	3032877	155622
TTTAT	8239028	14364	114739	28185	5935883	287931
TTTCA	6858944	18680	96619	50867	4812197	298717
TTTCC	5318247	24518	78980	51936	3827002	279471
TTTCG	607224	4526	7716	10688	350916	37701
TTTCT	9485415	28544	124523	69740	6663299	405620
TTTGA	6054860	14737	76425	43808	4023430	238273
TTTGC	3971572	14214	55498	37904	2781860	192510
TTTGG	5072387	17108	69399	46313	3460192	235015
TTTGT	7356781	17467	97645	39959	4985225	277772
TTTTA	9713299	19201	147694	29159	7128866	344619
TTTTC	7982554	24064	113050	58645	5716091	349454
TTTTG	8165800	19669	107772	45769	5631449	306188
TTTTT	19750905	43138	272686	51927	14474276	642568
