Motif	WholeGenome	5UTR	3UTR	CDS	introns	exons
AAAA	45151643	105670	639989	186285	32718923	1630926
AAAC	17074200	52948	241972	119823	11728836	731984
AAAG	21255230	73524	305972	181996	15221805	993199
AAAT	29381717	63443	411037	143588	21153420	1105705
AACA	18056635	52304	255700	146474	12775267	810720
AACC	9489641	43401	137212	99510	6792509	493059
AACG	1949234	17518	30438	41537	1244324	147261
AACT	14197765	46256	196609	121100	9803271	641826
AAGA	19672017	70102	268363	215834	14135368	991980
AAGC	10857272	56818	165973	148811	7713502	651757
AAGG	13516668	69231	207019	168237	9711248	783102
AAGT	14595949	48691	211537	128684	10425699	685484
AATA	21746885	40081	288958	88749	15556651	752163
AATC	12075214	38084	158575	95803	8540897	529534
AATG	17231567	45438	240801	140820	12318998	768400
AATT	21839320	46927	293286	110603	15715688	812261
ACAA	16148692	46613	228336	134575	11596120	728791
ACAC	11864524	48994	172917	119710	8397739	598463
ACAG	15821164	72585	237052	198626	11154494	886916
ACAT	15693256	37384	218033	131651	11177795	690957
ACCA	12347596	50395	177910	174845	8954559	697294
ACCC	8433941	62620	135750	116454	6187036	535585
ACCG	1481240	28447	26644	57292	1053044	172975
ACCT	11632322	55041	167304	141175	8355656	634655
ACGA	1646535	15052	27294	52062	1165983	148594
ACGC	1667025	29262	29092	51060	1209853	171385
ACGG	2052324	28503	34495	64358	1341703	198279
ACGT	2251267	17064	37829	49706	1586002	172125
ACTA	9716327	25238	127403	56528	6951613	370223
ACTC	10518062	50729	140058	114736	7333655	543816
ACTG	12862782	59676	201063	170369	9356043	746725
ACTT	14545220	48961	210295	129166	10425923	685506
AGAA	23462073	81183	311842	236659	16352467	1127289
AGAC	11124481	54519	154465	127634	7899356	599631
AGAG	16813528	92369	233645	200029	11889080	938593
AGAT	14393474	46149	189755	147538	10306913	690462
AGCA	14527319	70198	215588	222074	10200764	877357
AGCC	11702147	97155	185705	201076	8605115	815225
AGCG	1913651	49225	33547	83576	1288097	246990
AGCT	13069391	74240	198053	208379	9473442	828794
AGGA	16315948	94782	239137	237533	11726193	1000121
AGGC	12787401	94028	195185	186022	9363612	816633
AGGG	11261786	95269	197502	166545	8273620	777691
AGGT	11534116	54046	167345	139709	8356420	632120
AGTA	11062112	30849	156731	84330	8066944	471132
AGTC	8791122	46988	130289	114365	6342799	513822
AGTG	13745526	60746	197388	151090	9885534	723799
AGTT	13984081	46395	198154	121160	9844747	644892
ATAA	19533720	36536	257658	84031	13994216	685848
ATAC	9754468	22175	135947	64264	7078211	385877
ATAG	10694965	24402	131928	68666	7575100	403230
ATAT	20530146	31276	248359	85903	14372666	649673
ATCA	13500147	38459	177645	148799	9666114	653165
ATCC	9535276	44531	131118	132111	6906723	540783
ATCG	1506369	12742	22347	43774	1064307	125560
ATCT	14687941	46003	189047	148948	10307015	692047
ATGA	15135460	40749	202389	169936	10897825	739420
ATGC	9881939	35006	141744	120705	7136135	527833
ATGG	12981392	44807	176318	167791	9233370	693216
ATGT	15791667	37782	218901	132017	11196711	692982
ATTA	17168240	34013	225889	68669	12537760	597307
ATTC	14211504	41553	183054	118798	9731173	620889
ATTG	12428318	32240	161347	105852	8768751	543379
ATTT	29780099	63827	412056	144551	21229226	1112995
CAAA	21129177	63778	298166	169356	15154641	939080
CAAC	9249650	40141	129044	120299	6546213	505362
CAAG	12731238	59834	188044	176280	9085330	747217
CAAT	12312422	32518	160720	105876	8721523	541245
CACA	16555991	67861	242673	186080	11771629	878504
CACC	11067947	74771	171157	191498	8082497	739534
CACG	2805669	32463	49543	82990	2032383	262298
CACT	13733680	60548	196499	150916	9854978	721601
CAGA	17214868	85099	247118	229977	11829424	996387
CAGC	13626040	116284	223255	318130	9848989	1081486
CAGG	16143104	116512	261828	276729	11799286	1115677
CAGT	13022634	59846	201862	171456	9375741	749789
CATA	12022286	25010	153819	84452	8514649	473333
CATC	10521443	45030	152120	196930	7550735	686139
CATG	13859030	42487	190658	159887	10057953	724676
CATT	17688533	45616	241192	141139	12352838	772074
CCAA	12839548	57883	190752	163673	9284445	720900
CCAC	11720183	77277	185016	210287	8552090	797034
CCAG	16057728	121080	261821	319580	11770969	1179103
CCAT	12876900	45100	175149	168899	9224941	694435
CCCA	15134944	100793	242003	212798	11102752	949711
CCCC	8937186	124406	179421	187587	6614264	770622
CCCG	2778597	95096	52773	113079	2037264	378031
CCCT	11316729	94831	197857	167638	8266651	779959
CCGA	1759392	37381	31452	72254	1273769	211542
CCGC	2109599	106924	39840	120269	1497281	371729
CCGG	2327229	92386	44730	116594	1684666	364397
CCGT	1865569	28358	34410	63771	1345544	197485
CCTA	8357991	33559	114182	59192	6044119	372964
CCTC	13871865	120204	217125	231508	10153874	964961
CCTG	16056916	116076	261785	277577	11807056	1116928
CCTT	13767272	69913	206535	170780	9739457	787719
CGAA	1631554	19635	25870	49785	1129071	151027
CGAC	1017358	23343	18646	51586	717692	137838
CGAG	2370674	46658	39225	86402	1714047	258058
CGAT	1532685	12873	22541	43858	1063828	125958
CGCA	1676266	38000	30373	70751	1194013	210280
CGCC	2746859	100969	46421	113227	2002628	369479
CGCG	738476	73083	13200	54738	520949	191559
CGCT	1890471	48477	33154	83597	1287575	245703
CGGA	1772431	45906	31423	77130	1228731	233269
CGGC	2071227	96171	39755	126335	1479179	362921
CGGG	2932217	95331	52730	112554	2038565	377844
CGGT	1491368	28655	26503	56936	1053932	172595
CGTA	1324801	9272	20189	28736	926056	92910
CGTC	1550799	30482	28499	64923	1107205	189671
CGTG	2811945	33069	49396	82847	2040239	262790
CGTT	1984365	17587	30613	40648	1249540	146101
CTAA	11335820	31885	154993	54901	8295913	439791
CTAC	7806973	31523	106199	87651	5677178	385384
CTAG	8088060	34207	109004	49821	5775863	349837
CTAT	10561227	24412	131388	68588	7563611	401994
CTCA	16365372	74563	220079	180580	11628641	857740
CTCC	14247939	131351	219444	261967	10429245	1035730
CTCG	2368384	46471	39259	86206	1715952	257979
CTCT	16672837	92817	233965	201559	11891839	943160
CTGA	14723827	75164	220838	208805	10688795	887739
CTGC	13011896	112653	212738	290408	9286611	1021206
CTGG	16106520	121325	262350	319189	11795977	1182612
CTGT	15405492	72205	237709	197042	11196019	890063
CTTA	10773656	32103	154324	64445	7929802	453752
CTTC	14056744	82760	203578	259006	9762448	948734
CTTG	12599590	60127	187435	176290	9121808	748952
CTTT	22113065	74304	305940	182941	15293661	999987
GAAA	22587161	75395	307556	182888	15601294	1014117
GAAC	8773244	42699	124989	121597	6156825	504755
GAAG	13900595	82891	204792	256530	9761714	945769
GAAT	14015153	41339	183185	118804	9719412	619604
GACA	11104291	50092	159047	150858	7796321	630601
GACC	6431762	53226	102842	127635	4651050	475890
GACG	1573599	30724	28480	65285	1105232	189514
GACT	8731241	46826	129755	113422	6335378	512244
GAGA	16385852	85182	217192	189429	11803463	885515
GAGC	9057024	88603	140127	186979	6386149	688499
GAGG	13958133	119594	215371	228299	10140973	956780
GAGT	10349025	51037	140831	114190	7358466	545094
GATA	9513670	23098	114587	71986	6595730	374744
GATC	7222568	35798	95521	108817	5259267	421098
GATG	10797526	45209	152361	195711	7560850	684038
GATT	12187888	38483	159178	96419	8579988	533719
GCAA	11215874	47143	156589	127818	7950131	590271
GCAC	8151413	55407	129806	142937	5957211	549354
GCAG	13099618	112312	212941	289504	9290067	1019537
GCAT	10172145	34938	141832	120916	7153319	528608
GCCA	11658375	77447	183694	223924	8537570	816826
GCCC	8033157	123426	155070	209133	5910908	758657
GCCG	2077239	95753	39891	125968	1479443	361958
GCCT	12841842	94847	196586	187617	9381502	820526
GCGA	1521864	35370	24171	54333	1087957	174137
GCGC	1765216	89455	29993	96077	1211575	299940
GCGG	2116898	107494	39693	119991	1496618	371369
GCGT	1705662	29473	29501	50767	1215781	171929
GCTA	7690660	29370	103641	62424	5615339	348445
GCTC	8743772	87704	139124	187112	6374197	686760
GCTG	13540291	117187	222579	316475	9874493	1083302
GCTT	10832767	56683	166072	147771	7737220	650893
GGAA	15309880	81841	220526	192177	10544696	875393
GGAC	6558942	60753	110158	146843	4631733	524789
GGAG	14419393	132360	221719	259563	10440145	1034573
GGAT	9960725	44493	131452	132176	6928130	542313
GGCA	11550285	77217	183632	191305	8506524	767945
GGCC	8594502	117297	158874	240181	6188591	804104
GGCG	2735081	100923	46089	113252	2007075	368535
GGCT	11708625	97161	184571	198376	8617644	812191
GGGA	12831936	105951	201892	166181	9323801	812710
GGGC	8037570	123592	153975	208338	5921507	757707
GGGG	8959299	126208	178997	184372	6628335	768875
GGGT	8452258	62712	136162	115713	6210685	536298
GGTA	6957137	25753	96501	71096	5028419	333161
GGTC	6376009	53040	102989	127242	4658451	476204
GGTG	11145075	74855	171441	189438	8097952	736545
GGTT	9422457	42854	137684	98798	6824782	493473
GTAA	10390081	29080	150105	65521	7547182	434260
GTAC	5131487	19222	80292	72591	3747702	282587
GTAG	7960376	30828	107076	85633	5697613	383721
GTAT	9893745	22220	136084	64022	7096847	386727
GTCA	9168660	42426	137899	131165	6648461	547997
GTCC	6423153	60517	110486	147482	4633281	525787
GTCG	1005950	23814	18768	51024	720964	138367
GTCT	10968829	53948	154361	128219	7928507	602600
GTGA	12458768	55035	172377	142646	8889339	664301
GTGC	8241771	55921	130659	142057	5975424	551267
GTGG	12117057	77028	186062	207608	8583191	794431
GTGT	11944266	48946	175919	118578	8432254	602444
GTTA	8461762	24817	124090	49145	6211194	355283
GTTC	8626655	42374	124880	122397	6175849	505925
GTTG	9495229	40295	130567	118524	6593240	506280
GTTT	16767247	52849	243708	119841	11807912	739316
TAAA	23994810	51057	354983	93571	17348195	884541
TAAC	8596170	24517	123881	49869	6186820	355457
TAAG	10754856	31928	154307	63778	7924202	453238
TAAT	17183677	33781	226615	69091	12537893	598362
TACA	13810726	35086	199042	101305	9982943	585004
TACC	6905752	26288	96404	72395	5024286	334346
TACG	1288650	9364	20238	28511	921603	92676
TACT	10979707	31357	155957	85538	8073624	472375
TAGA	12520921	33013	156984	76022	8679568	478585
TAGC	7672079	29525	103551	62636	5618920	348974
TAGG	8281344	33321	114902	58416	6068313	373451
TAGT	9615231	25013	128301	56477	6980111	371587
TATA	17230466	25960	216734	56545	12353056	522727
TATC	9410556	23077	114002	72179	6593276	375223
TATG	11902341	25170	155506	83823	8526207	474445
TATT	21872421	40136	288786	88348	15618378	753970
TCAA	15218361	44464	200745	145330	10677003	693339
TCAC	12427164	54433	172262	142290	8869830	663135
TCAG	15028138	75218	222648	208086	10706729	889267
TCAT	15348989	40759	202877	170783	10920142	744273
TCCA	14353439	72361	209387	248940	10237549	925235
TCCC	12763160	105341	201852	167311	9308732	813636
TCCG	1724714	45726	31099	76527	1231505	232144
TCCT	16263148	94439	237907	240669	11740722	1004854
TCGA	1624479	14589	23392	52125	1096925	137438
TCGC	1510232	34817	24264	54548	1086610	173827
TCGG	1770796	37722	31532	72107	1277430	212671
TCGT	1849411	15289	26961	51857	1175708	148661
TCTA	12027099	33312	156562	77181	8673231	480858
TCTC	16520836	85002	216506	189620	11802523	886929
TCTG	16787743	85062	247797	231785	11861299	1003487
TCTT	20397804	70615	268145	217777	14197967	999998
TGAA	18872544	59470	262517	199070	13212987	927722
TGAC	9140111	42494	136747	132069	6642514	547460
TGAG	16146447	74750	218851	180455	11647263	856954
TGAT	13834714	38700	177884	149097	9696953	654163
TGCA	14885182	63938	211728	195776	10448275	829952
TGCC	11567108	77057	184148	191873	8512980	768942
TGCG	1722434	38678	30468	69902	1195667	210420
TGCT	14139010	70662	215591	222093	10222452	880519
TGGA	15328629	72151	211320	247991	10265977	927452
TGGC	11692291	77618	184328	222566	8555664	815440
TGGG	15127767	101083	241733	211738	11143784	951067
TGGT	12422943	50004	178575	173048	8988544	696236
TGTA	14031634	35085	200258	101136	10006333	586673
TGTC	10848665	49863	159825	150261	7819475	633156
TGTG	17059332	67744	246760	183740	11820313	883241
TGTT	17959999	52637	256827	146148	12865865	817504
TTAA	19269882	43849	297145	76298	14159801	734095
TTAC	10291908	29583	149074	65816	7561227	433996
TTAG	11346178	32029	155522	54952	8326548	440352
TTAT	19430665	36647	258975	83636	14057892	689601
TTCA	18988470	59457	263044	200159	13230500	931370
TTCC	14898088	82071	219207	193832	10549280	877059
TTCG	1874213	19511	25774	50510	1135444	151805
TTCT	23403867	81972	311704	238134	16407662	1136755
TTGA	15675749	44459	200234	145335	10723735	694704
TTGC	11178128	47154	156731	127660	7982364	591699
TTGG	13366662	58038	190987	162656	9341419	722550
TTGT	16758207	46591	230930	133455	11687005	735368
TTTA	23934973	51131	356209	94103	17426715	889162
TTTC	22269839	76530	308036	184560	15653433	1024232
TTTG	22455603	63747	299088	168962	15250720	945526
TTTT	45612568	106303	641406	186356	32950707	1645233
